1901040082,1808040036,1509140001
1812290197,1802200270,1711200012,1705270141
1812290193,1803240035,1712300122
1812290187,1712020119
1812290181,1802200269,1711200034,1705270095
1812290173,1706170204
1812290163,1802240241
1812290044,1704150156
1812290042,1712230083,1706030087
1812290039,1708300002,1612310029,1512290125,1507280053
1812290035,1806020207,1711200038,1706030067
1812290026,1707010033
1812290024,1710210091
1812290018,1704080102
1812290015,1809040002,1805260110,1612310074,1606100070,1512190131,1508010053
1812280047,1712140133,1703230117,1610180080
1812270064,1803220070,1710210143
1812270057,1803220110
1812220239,1806010044
1812220222,1804190072,1609220249,1512150043,1509050063
1812220218,1806150177
1812220074,1803030123,1707220145,1704220088
1812220053,1803030015,1705130067
1812220032,1712160073
1812220028,1708260178
1812220023,1707080106
1812220014,1706170186
1812210141,1803060208
1812210138,1710030035,1703240132
1812210074,1808290216,1607270182,1507230012
1812200117,1510170048
1812200110,1506130038
1812200036,1704070055,1605140123
1812190206,1710060029
1812180117,1807270147
1812180109,1807270123
1812150224,1707080103
1812150208,1802170154
1812150060,1803170100,1709020029
1812140065,1711020107
1812110007,1805220015
1812110004,1805160257,1712230132,1712050231,1710140102,1706240027,1705120132,1703090020,1611170243,1512170116,1510080096,1506040090
1812080121,1806010030
1812070172,1809040003,1805100101,1710270261,1706230083,1702230098
1812070165,1807270153
1812070146,1811140217
1812070125,1712150119
1812070062,1805250206
1812050187,1804040281
1812050148,1704080224,1701050206,1610280205
1812050080,1811100019
1812040070,1710270270
1811300287,1805240102
1811280108,1810100141
1811270135,1711220270
1811270072,1709290077,1609270193
1811210221,1802170090,1612300147
1811210150,1803170036,1708250189
1811200121,1712300130,1704140237
1811190053,1805070017
1811190020,1805160260
1811190019,1612130118,1607160073
1811170117,1805090106,1802100188
1811160172,1806010037
1811150286,1706090162
1811100052,1712060264,1611030047,1510020119
1811090206,1801200047,1710040090
1811090056,1807180116
1811070060,1706200077,1511120079
1811060098,1804140164
1811030197,1807300005,1708040234,1610190046,1606070063
1811020181,1810110226
1811020115,1508010050
1811010084,1712130032
1811010068,1706150005
1810300119,1806150128
1810270119,1611170124
1810270087,1806090239
1810270076,1704280069,1609030321
1810270060,1801180335,1711300264
1810250275,1709160124,1704040040,1610250074,1608310172
1810250208,1506050052
1810240240,1808230156,1804250060
1810240102,1803060213,1702170052
1810190148,1806090028
1810180177,1708120043
1810120218,1805160040,1801180149,1710120044,1709140084
1810110176,1803100005
1810090197,1809180260
1810030024,1712140124
1810020111,1804170089
1809280268,1701180117,1611160032
1809270069,1808280002
1809260224,1806080211
1809260135,1809010055
1809220191,1809150050,1804280291
1809210254,1710250196,1707200074,1703150169
1809190223,1801230107
1809190127,1610210061
1809190065,1801180018
1809180026,1803290185,1712050209,1708220079,1706130045
1809150030,1801180235
1809130161,1701100120,1509290074,1506130018
1809130142,1809040005,1805170023
1809120121,1803020062,1712220276,1709220061,1605200140
1809120013,1808280018
1809110012,1712300123,1705200162,1511160002,1508040023
1809080164,1704290041
1809080102,1711290081
1809040001,1605110234
1809010189,1804280168,1803070195
1809010165,1512100042
1809010084,1808090188,1807020009
1808300227,1705200126,1605100029
1808300220,1802070243
1808300062,1704110019
1808290305,1511250002
1808290210,1709010143
1808290205,1712200243
1808290200,1611110047
1808280252,1804100290
1808280174,1806200292,1701130143,1606100026,1506110005
1808280150,1708090200
1808250223,1801110036
1808250028,1604270243,1507230077
1808240193,1805100174
1808230172,1708220153
1808230127,1803220178,1709210212,1703230203
1808220265,1707140182
1808180132,1609150380
1808170110,1709010045
1808170101,1806120222,1805160251
1808160236,1709070141
1808150112,1607070004
1808100294,1707210035
1808100291,1806010065
1808100161,1709200202
1808090101,1807120056
1808090004,1805120217
1808080073,1612310047,1612270001
1808070189,1803200177
1808040165,1610310006,1512120105
1808040157,1610310004
1808040041,1801200099
1808040029,1507250056
1808030273,1711070162
1808030206,1808010152,1804100050
1808030154,1807190087
1808030073,1706300004,1609140142
1808030039,1706230125,1606080303,1605110144
1808020048,1703160171,1611100211
1808010150,1709060133
1808010093,1807030076
1807310160,1804100073
1807310153,1804100060
1807300040,1707190086
1807300008,1803130223,1509290075
1807300004,1708170179
1807270260,1803160126
1807270134,1807130129
1807270019,1701130264
1807260172,1612310044
1807260031,1610210192,1509260045
1807250205,1804050122
1807250189,1712290255,1611190187
1807250062,1804100095
1807240129,1802020144
1807210230,1710240162,1601080037
1807200223,1510230066
1807190225,1701260068
1807190055,1704120059,1610260201
1807190025,1807090002
1807190009,1712140145
1807180283,1801110097
1807180273,1804200027,1802230080,1708020124,1701110156,1607230047
1807180248,1807030098
1807180112,1711140043
1807180108,1805300272,1705230165
1807180104,1805310203
1807180079,1708220060
1807170076,1801110304
1807140176,1506110003
1807140173,1802090140,1708160233
1807140138,1807020022
1807140104,1802010179
1807140096,1802010174
1807130235,1605190064
1807130149,1801200073,1506200026
1807120243,1805010105
1807120218,1803090197,1710190052
1807120107,1708080063,1607220211
1807110330,1803030205,1712280191
1807100250,1806270089
1807060140,1803300018
1807060001,1801150081
1807050020,1803150282
1807050019,1803150306
1807030250,1806140389
1807030127,1803150292
1807030120,1803150297
1806290238,1710190186,1702170260,1608050007
1806290124,1704220160
1806290120,1805040162
1806290002,1710050166
1806280279,1712140190
1806280157,1703090025
1806270164,1803100167
1806270074,1806010240,1804130304,1803240121
1806270033,1511130045
1806260077,1802280210
1806250007,1710190222
1806220304,1606220167
1806220298,1705190116
1806220295,1705050120
1806210279,1703070042
1806210228,1803290303,1704270191
1806210202,1805300224
1806200203,1711290057,1707190213
1806190266,1702150136
1806190232,1706230080,1605190148,1510270085
1806190217,1706230114
1806190025,1711140272,1705030052
1806160356,1712160079,1705270101
1806160211,1711110131
1806160206,1711110197
1806160177,1802100214,1708260117,1704150119
1806160175,1712300111,1709090083
1806160167,1803170252
1806160164,1801060162
1806160160,1711110105
1806160158,1711110084
1806160073,1802100195,1705060143
1806150170,1802150260
1806150107,1607220001
1806150052,1707070158,1702220162
1806150043,1707250118,1705030173,1702170270
1806140253,1708090049
1806140249,1611290225
1806140157,1508070097
1806140140,1805310152
1806120239,1711240029,1708020161
1806120228,1710190012,1611190188
1806120198,1705090028
1806120113,1801270258
1806090259,1611100200,1611030200
1806090072,1705200143
1806080274,1701280025
1806080272,1802080178,1709280001
1806080248,1707250074
1806080070,1806070131
1806080056,1606290159
1806070335,1706160193
1806070308,1704040203
1806070235,1706070126,1703180102
1806070232,1706070136
1806070165,1611150173
1806070159,1805080054
1806070136,1801160198